1 995 true - Varrock General Store - 1931 30 1935 10 5603 10 1925 30 1923 10 1887 10 590 10 2347 10 550 10
2 995 true - Thessalia's Clothing - 1005 10 1129 10 1059 10 1061 10 1757 10 1013 10 1015 10 1011 10 1007 10 950 10 428 10 426 10 1733 10 1734 1000
3 995 true - Zaff's Superior Staves - 1379 10 1389 10 1381 10 1383 10 1385 10 1387 10
4 995 true - Varrock Sword Shop - 1205 100 1203 100 1207 100 1209 100 1211 100 1277 100 1279 100 1281 100 1283 100 1285 100 1287 100 1291 100 1293 100 1295 100 1297 100 1299 100 1301 100
5 995 true - Tea Shop - 1978 10
6 995 true - Aubury's Rune Shop - 554 300 555 300 556 300 557 300 558 100 559 100 562 30 560 10
7 995 true - Lowe's Archery Emporium - 882 1000 884 100 886 100 888 100 890 30 877 300 841 10 839 10 843 10 845 10 849 10 843 10 849 10 847 10 853 10 851 10 1129 10 1059 100 1061 10 1095 10 1133 10 1097 10 1131 10
8 995 true - Horvik's Armour Shop - 1103 10 1101 10 1155 100 1153 100 1117 100 1115 100 1173 10 1175 10 1075 100 1067 100 1087 10 1081 10 1119 100 1125 10 1121 100
9 995 true - Crate - 2518 10
10 995 true - Harry's Fishing Shop - 303 10 307 10 311 1000 301 10 313 1000 305 10 317 1000 327 0 345 0 353 0 341 0 321 0 359 0 377 0 363 0 371 0 383 0
11 995 true - Authentic Throwing Weapons - 825 1000 826 1000 827 300 828 300 829 100 830 100 800 1000 801 1000 802 300 803 300 804 100 805 100
13 995 true - Dommik's Crafting Store - 1755 10 1592 10 1597 10 1595 10 1733 10 1734 1000 1599 10 2976 10 5523 10 9434 10 11065 10
14 995 true - Magician's Robes Store - 4089 100 4091 100 4093 100 4095 100 4097 100
23 995 true - Ardougne Baker's Stall - 2309 10 1891 10 1901 10 1973 100
24 995 true - Ardougne Silver Stall - 1714 10 442 0 2355 0
25 995 true - Ardougne Gem Stall - 1607 0 1605 0 1603 0 1601 0
26 995 true - Ardougne Fur Stall - 948 10 958 10 10117 0 10121 0 10119 0 10123 0 10093 0 10095 0 10097 0 10099 0 10101 0 10103 0
27 995 true - Ardougne Spice Stall - 2007 10 946 10 1550 10
28 995 true - Zenesha's Platebody Shop - 1117 10 1115 10 1119 10 1125 10 1121 10
29 995 true - Aemad's Adventuring Supplies - 227 10 1265 10 1349 10 2142 10 590 10 1759 100 882 1000 954 10 970 10 946 10 1935 10
30 995 true - Wydin's Food Store - 1933 500 2132 10 2138 10 1965 10 1963 0 1951 0 2309 0 1973 0 1985 0 1982 10 1942 10 1550 10
31 995 true - Gerrant's Fishy Business - 303 10 307 10 309 10 311 1000 301 10 313 1000 314 1000 317 0 327 10 345 0 321 0 335 0 349 0 331 0 359 0 377 0 371 0
32 995 true - Grum's Gold Exchange - 1635 0 1637 0 1639 0 1641 0 1643 0 1654 0 1656 0 1658 0 1660 0 1662 0 1692 0 1694 0 1696 0 1698 0 1700 0 11069 0 11072 0 11076 0 11085 0 11092 0
33 995 true - Brian's Battleaxe Bazaar - 1375 10 1363 10 1365 10 1367 10 1369 10 1371 10
34 995 true - Betty's Magic Emporium - 554 300 555 300 556 300 557 300 558 100 559 100 562 30 560 10 221 300 579 10 1017 10
35 995 true - Gem Trader - 1623 0 1621 0 1619 0 1617 0 1607 0 1605 0 1603 0 1601 0
36 995 true - Zeke's Superior Scimitars - 1321 10 1323 10 1325 10 1329 10
37 995 true - Louie's Armoured Legs Bazaar - 1075 10 1067 10 1069 10 1077 10 1071 10 1073 10
38 995 true - Ranael's Super Skirt Store - 1087 10 1081 10 1083 10 1085 10 1089 10 1091 10
39 995 true - Richard's Farming Shop - 5341 10 5343 10 1735 10 952 10 5325 10 5331 10 5354 100 6032 100 6032 300 1925 100 5418 10 5376 10 1942 0 1957 0 1965 0 1982 0 5986 0 5504 0 5982 0 5994 0 5996 0 5998 0 6000 0 6002 0 5931 0 6006 0 6036 10
40 995 true - Legends Guild General Store - 373 10 2323 10 121 10 886 10
41 995 true - Legends' Guild Shop of Useful Items - 299 500 1590 10 1542 10 2366 10 1052 10
42 995 true - Bandit Bargains - 1823 30 1831 30 1937 10 1921 10 1929 10 1935 10 1923 10 1925 30 1837 10 1833 10 1835 10 946 10
43 995 true - Peksa's Helmet - 1139 10 1137 10 1141 10 1143 10 1145 10 1155 10 1153 10 1157 10 1165 10 1159 10 1161 10
44 995 true - Flynn's Mace Market - 1422 10 1420 10 1424 10 1428 10 1430 10
45 995 true - Cassie's Shield Shop - 1171 10 1173 10 1189 10 1175 10 1191 10 1177 10 1193 10 1181 10
46 995 true - Herquin's Gems - 1623 0 1621 0 1619 0 1617 0 1607 0 1605 0 1603 0 1601 0
47 995 true - Wayne's Chains - 1103 10 1101 10 1105 10 1107 10 1109 10
48 995 true - Garden Centre - 8417 10 8419 10 8421 10 8423 10 8425 10 8427 10 8429 10 8431 10 8433 10 8435 10 8451 10 8453 10 8455 10 8457 10 8459 10 8461 10 8437 10 8439 10 8441 10 8443 10 8445 10 8447 10 8449 10
49 995 true - Warriors' Guild Potion Shop - 115 10 121 10 133 10
50 995 true - Warriors' Guild Food Shop - 333 10 365 10 2289 10 6705 10 2003 10
51 995 true - Warrior's Guild Armoury - 1363 10 1365 10 1369 10 1277 10 1279 10 1281 10 1283 10 1285 10 1287 10 1291 10 1293 10 1295 10 1297 10 1299 10 1301 10 1205 10 1203 10 1207 10 1209 10 1207 10 1217 10 1209 10 1211 10 1422 10 1420 10 1424 10 1428 10 1430 10 1307 10 1309 10 1311 10 1313 10 1315 10 1317 10 1103 10 1101 10 1105 10 1139 10 1137 10 1141 10
52 995 true - Gaius's Two-Handed Shop - 1307 10 1309 10 1311 10 1313 10 1315 10 1317 10
53 995 true - Happy Heroes' H'emporium - 1377 10 1434 10
54 995 true - Slayer Equipment - 4155 300 4156 10 4158 10 4150 3000 4161 1000 4162 10 4164 10 4166 10 4168 10 4170 10 4551 10 6664 1000 6696 1000 6708 10 7051 10 7159 10 7421 10 7432 1000 8923 10 10952 10
55 995 true - Jatix's Herblore Shop - 229 10 233 10 221 10
56 995 true - The Pick and Lute - 1917 10 1907 10 1913 10
57 995 true - Martin Thwait's Lost and Found - 954 10 1523 10 1755 10 946 10 5560 10 864 100 863 100 865 100 3095 100 3096 100 3097 100
58 995 true - Bob's Brilliant Axes - 1265 10 1351 10 1349 10 1353 10 1363 10 1365 10 1369 10
59 995 true - Hickton's Archery Emporium - 877 300 882 1000 884 1000 886 0 888 0 890 0 892 0 4773 0 4778 0 4783 0 4788 0 4793 0 4798 0 4803 0 39 100 40 100 41 100 42 100 43 10 44 10 841 10 839 10 837 10 843 10 845 10 4827 10 1133 10 1097 10 9785 1 9783 1 9784 1
60 995 true - Candle Shop - 36 10 38 10
61 995 true - Arhein's Store - 1925 30 1265 10 1923 10 1887 10 590 10 1755 10 2347 10 954 10 1931 10 946 10
62 995 true - Rasolo the Wandering Merchant - 1969 10 2023 10 740 10 1215 30 550 10 1925 10 1941 10 273 10 970 10 975 10 1599 10 2976 10 1823 30 1837 10 1854 300 2524 10 3377 10 2894 10 1909 10 3787 10 3711 10 3678 10 3424 10 3420 10 5 10
63 995 true - Blurberry's Bar - 2028 10 2030 10 2032 10 2034 10 2036 10 2038 10 2040 10
64 995 true - Rometti's Fine Fashions - 646 30 648 30 650 30 652 30 654 30 656 30 658 30 660 30 662 30 664 30 636 30 638 30 640 30 642 30 644 30 626 30 628 30 630 30 632 30
65 995 true - Grand Tree Groceries - 2171 10 2128 10 1933 10 2169 10 1957 10 1942 10 1965 10 1982 10 1985 10 6293 10 6295 10 2120 10 2108 10 2102 10 2114 10 2126 10 2025 10 1973 10 1975 10 2130 10 1927 10 946 10 2167 10 2164 10 2165 10 2166 10
66 995 true - Gianne's Restaurant - 2227 10 2219 10 2221 10 2225 10 2223 10 2233 10 2187 10 2195 10 2185 10 2205 10 2217 10 2209 10 2241 10
67 995 true - Gulluck and Sons - 882 1000 877 300 880 0 841 10 839 10 837 10 39 100 40 100 41 100 42 100 1349 100 1353 100 1363 100 1365 100 1369 100 1307 100 1309 100 1311 100 1313 100 1315 100
68 995 true - Funch's Fine Groceries - 2021 10 2019 10 2015 10 2017 10 2114 10 2128 10 2108 10 2120 10 2126 10 2025 10 1973 10 1975 10 2130 10 1927 10 946 10 2023 10 2026 10
69 29980 true - Master RSMVer Store - 11694 1000
70 995 true - Pollnivneach General Store - 1931 30 1935 10 1823 30 1833 10 1837 10 1925 10 4593 10 4591 10 1985 10 2120 10 1982 10 1937 10 1921 10
71 995 true - Shantay Pass Shop - 1823 30 1831 30 1937 10 1921 10 1929 10 946 10 1833 10 1835 10 1837 10 2349 0 314 1000 2347 10 1925 30 1923 10 1935 10 1854 300 954 100
72 995 true - Rok's Chocs Box - 6794 10 1973 10
73 995 true - Nardah Hunter Shop - 10010 10 10012 300 10025 300 10150 10 10006 10 10008 10 10029 10 596 10 10031 10
74 995 true - Seddu's Adventurers Store - 1093 10 1079 10 1113 10 1099 10 1065 10 1193 10 1151 10
75 995 true - Frenita's Cookery Shop - 2313 10 1955 0 1887 10 1923 10 1942 10 590 10 1935 10 1931 30 1973 10 1933 500 1980 10
76 995 true - Castle Wars Ticket Exchange - 4071 999999999 4069 999999999 4070 999999999 4072 999999999 4068 999999999 4506 999999999 4504 999999999 4505 999999999 4507 999999999 4503 999999999 4511 999999999 4509 999999999 4510 999999999 4512 999999999 18705 999999999 18706 999999999 18707 999999999 18708 999999999 18709 999999999 4508 999999999 4513 999999999 4514 999999999 4515 999999999 4516 999999999 4055 999999999 18739 999999999 18740 999999999 18741 999999999 18742 999999999 18743 999999999 18744 999999999 18745 999999999 18746 999999999 18710 999999999 18711 999999999 18712 999999999 18713 999999999 18714 999999999
77 995 true - Uglug's Stuffsies - 4844 10 10927 0 1777 0 2876 0 2878 10 4850 0 946 10 4773 0 4778 0 4783 0 4788 0 4793 0 4798 0 4803 0 4827 10
78 995 true - Grud's Herblore Stall - 229 10 233 10 221 10
79 995 true - Hunting Supplies - 10010 5 10012 30 10150 5 10006 20 9950 1 9948 1 9949 1
80 995 true - Gift Shop - 1351 10 1925 30 2878 10 1931 30 314 1000 2347 10 946 10 2866 100 954 10 590 10
81 995 true - Fresh Meat - 2140 10 2878 0 7228 0 2142 10 3228 10 2136 300 9986 0 2132 300 9978 10 2138 10 2876 0 7566 0 2337 0 3226 100 9988 0 9980 0 9992 0 9984 0 7230 0 7224 0
82 995 true - Moon Clan Fine Clothes - 9068 10 9069 10 9070 10 9071 10 9072 10 9073 10 9074 10 1733 10 1734 1000
83 995 true - Fremennik Fishmonger - 303 10 307 10 309 10 311 30 301 10 313 1000 314 1000 305 10 317 10 327 10 345 0 353 0 341 0 321 0 335 0 349 0 331 0 359 0 377 0 363 0 371 0 383 0
84 995 true - Sigmund the Merchant - 590 10 954 10 233 10 1931 30 2142 10 2309 10 952 10 36 10 1755 10 2347 10 229 10 227 10 1925 30 1929 10 1944 10 1942 10 1965 10
85 995 true - Fremennik Fur Trader - 948 10 958 10 10117 0 10121 0 10119 0 10123 0 10093 0 10095 0 10097 0 10099 0 10101 0 10103 0
86 995 true - Yrsa's Accountrements - 3775 10 3773 10 3767 10 3769 10 3771 10 3793 10 3795 10 3797 10 3799 10 3791 10 3765 10 3763 10 3761 10 3759 10 3777 10 3779 10 3781 10 3783 10 3785 10 3787 10 3789 10
87 995 true - Skulgrimen's Battle Gear - 1337 10 1335 10 1339 10 1341 10 1343 10 1345 10 1347 0 3749 10 3751 10 3753 10 3755 10
88 995 true - Ore Store - 436 10 438 10 440 0 442 0 453 0 444 0 447 0 449 0
89 995 true - Armour Shop - 1109 10 1143 10 1159 10 1181 10 1197 10 1071 10 1085 10 1121 10
90 995 true - Weapons Galore - 1299 10 1343 10 1369 10 3099 10 1315 10
91 995 true - Un-used Store - 1 1
92 995 true - Flosi's Fishmongers - 377 0 359 0 331 0 341 0 371 0 383 0
93 995 true - Neitiznot Supplies - 946 10 2347 10 1734 1000 1733 10 4819 10 1351 10 1759 100
94 995 true - Nulodion's Multicannon Parts - 6 10 8 10 10 10 12 10 5 10 4 10
95 995 true - Nurmof's Pickaxe Shop - 1265 10 1267 10 1269 10 1273 10 1271 10 1275 10 3006 50 20722 400 20716 10 2
96 995 true - Crossbow Shop - 9440 10 9442 10 9444 10 9446 10 9448 10 9450 10 9452 10 9420 10 9423 10 9425 10 9427 10 9429 0 9431 0 9174 0 9177 0 9179 0 9181 0 9183 0 9185 0
97 995 true - Fortunato's Fine Wine - 1993 10 1935 10 7919 10
98 995 true - Diango's Toy Store - 2520 10 2522 10 2524 10 2526 10 4613 10 12844 10 20179 10 20180 100 20720 50 20722 400 20716 100 20718 10 20725 10 20714 10 24144 10 24406 10 24408 10 24410 10 24412 10 24414 10 24416 10
99 995 true - Draynor Seed Market - 5318 10 5319 10 5324 10 5322 0 5320 0 5323 0 5321 0 5305 10 5306 10 5097 10 5096 10 5307 10 5308 10 5309 10 5310 10 5311 10
100 995 true - Brian's Archery Supplies - 886 100 888 30 890 0 843 10 845 10 849 10 847 10 853 10 851 10
101 995 true - Rommik's Crafty Supplies - 1755 10 1592 10 1597 10 1595 10 1733 10 1734 1000 1599 10 2976 10 5523 10 9434 10 11065 10
102 995 true - Roavar's Bar - 2955 999999999
103 995 true - Rufus's Meat Emporium - 2132 100 2138 30 2134 10 2136 10 335 0 349 0 331 0 383 0
104 995 true - Barker's Harberdashery - 2894 10 2896 10 2898 10 2900 10 2902 10 2904 10 2906 10 2908 10 2910 10 2912 10 2914 10 2916 10 2918 10 2920 10 2922 10 2924 10 2926 10 2928 10 2930 10 2932 10 2934 10 2936 10 2938 10 2940 10 2942 10 1007 10 1019 10 1021 10 1023 10 1027 10
105 995 true - Alice's Farming Shop - 5341 10 5343 10 5329 10 952 10 5325 10 5331 30 5354 100 6032 300 1925 100 5418 10 5376 10 1942 0 1957 0 1965 0 1982 0 5986 0 5504 0 5982 0 5994 0 5996 0 5998 0 6000 0 6002 0 5931 0 6006 0 6036 10
106 995 true - Ak-Haranu's Exotic Shop - 4740 100
107 995 true - Trader Stan's Trading Post - 1931 30 1935 10 1735 10 1925 30 1923 10 1887 10 590 10 1755 10 2347 10 550 10 9003 10 954 10 946 10 2114 0 1963 10 2108 0 1785 10 1783 0 401 0 592 0 301 10 307 10 1941 10 9629 10 3226 10 1025 10 6014 0
108 995 true - Aurel's Supplies - 1351 10 590 10 3363 10 353 10 952 10
109 995 true - Khazard General Store - 1265 10 1931 30 1935 10 1735 10 1925 30 590 10 1755 10 2347 10 954 10 1933 500 583 10 1941 1000 946 10
110 995 true - Davon's Amulet Store - 1718 0 1694 0 1696 0 1698 0 1700 0
111 6529 true - TzHaar-Hur-Roh's Rune Store - 554 1000 555 1000 556 1000 557 1000 558 1000 559 1000 562 300 560 100
112 6529 true - TzHaar-Hur-Lek's Ore and Gem Store - 438 5 436 5 440 2 1623 1 1621 1 6571 1 9194 50
113 6529 true - TzHaar-Hur-Tel's Equipment Store - 6522 10 6523 10 6524 10 6525 10 6526 10 6527 10 6528 10 6568 10
114 995 true - The Shrimp and Parrot - 347 10 339 10 361 10 379 10 373 10 3144 10
115 995 true - Jiminua's Jungle Store - 590 10 36 10 596 10 1931 30 954 10 1129 10 1059 10 1061 10 2142 10 2309 10 229 300 227 300 233 10 175 10 970 10 973 10 946 10 2347 10 975 10 1755 10 952 10 1351 10 1265 10 1349 10
116 995 true - Obli's General Store - 590 10 229 10 233 10 1931 30 1351 10 1265 10 1349 10 1129 10 1059 10 1061 10 2142 10 2309 10 952 10 36 10 596 10 1755 10 2347 10 970 10 973 10 227 10 975 10 954 10
117 995 true - Fernahei's Fishing Hut - 307 10 309 10 313 1000 314 1000 335 10 349 10 331 10
118 995 true - Trader Sven's Black Market Goods - 9644 10 9640 10 9642 10 9636 10 9638 10 9634 10
119 995 true - Dodgy Mike's Second Hand Clothing - 7130 10 7136 10 7124 10 7112 10 7114 10 7132 10 7138 10 7116 10 7126 10 7128 10 7134 10 7110 10 7122 10
120 995 true - 'Two Feet' Charley's Fish Shop - 321 10 363 0 341 10 345 10 377 0 353 10 327 10 317 10 371 0 359 0
121 995 true - Honest Jimmy's House of Stuff - 8956 10 8995 10 8963 10 8952 10 8991 10 8959 10 8968 10 8955 10 8994 10 8962 10 8966 10 8953 10 8992 10 8960 10 8958 10 8997 10 8965 10 8967 10 8969 10 8971 10 8957 10 8996 10 8964 10 8954 10 8993 10 8961 10 8941 10 8940 10 8988 10 8970 10
122 995 true - Harpoon Joe's House of Rum - 1917 10 7157 10 1993 10 2003 10
123 995 true - Smithing Smith's Shop - 1321 10 2347 10 7141 999999999 1323 10 7140 999999999 1329 10 7142 999999999 1325 10
124 995 true - Blackjack Seller - 6412 10
125 995 true - Blades By Urbi - 1211 10 1217 0 1205 10 1321 10 1215 10 1203 10 1323 10 1209 10 1213 10 1207 10 1325 10
126 995 true - The Spice Is Right - 175 10 5970 0 1931 30 2169 10
127 995 true - Raetul and Co's Cloth Store - 1837 10 1835 10 1833 10 4684 10 1733 10 950 10 1734 1000
128 995 true - Nathifa's Bake Stall - 2309 10 1891 10 1901 10 1823 30
129 995 true - Jamila's Craft Stall - 1595 10 11065 10 1755 10 1599 10 1597 10 1733 10 1592 10 2976 10 1734 1000 5523 10
130 995 true - Etceteria Fish - 305 10 314 1000 313 1000 307 10 309 10 311 30 301 10 321 0 363 0 341 0 345 0 377 0 353 0 349 0 331 0 327 0 383 0 317 0 371 0 335 0 359 0 303 10
131 995 true - Lletya Seamstress - 1759 100 1767 10 1771 10 1733 10 1769 10 1773 10 1763 10 1734 1000 1765 10
132 995 true - Lletya Food Store - 2309 10 1891 10 1985 10 1993 10 379 10
133 995 true - Lletya Archery Shop - 890 100 877 1000 837 10 884 1000 888 100 845 10 843 10 892 30 886 300 847 10 849 10
134 995 true - The Milk Shop - 1927 200
135 995 true - Beefy Bill's Supplies - 882 30 1173 10 1277 10 1929 10 1887 10 1949 10 1931 30 1937 10 2313 10 1951 10 1735 10 841 10 1969 10 590 10
136 995 true - Candle Seller - 36 999999999
137 995 true - Quartermaster's Stores - 3200 10 3196 10 2309 10 3190 10 3204 10 1931 30 3192 10 1935 10 3198 10 3202 10 1735 10 3194 10 590 10
139 995 true - Jukat - 1215 30 1305 10
140 995 true - Irksol - 1641 10
141 995 true - Aaron's Archery Appendages - 1169 10 1131 10 1129 10 1095 10 1167 10 1063 10 1133 10 1097 10 9758 1 9756 1 9757 1
142 995 true - Dargaud's Bow and Arrows - 882 1000 884 300 886 300 888 100 890 100 892 100 4773 0 4778 0 4783 0 4793 0 4798 0 4803 0 52 1000 39 300 40 300 41 100 42 100 43 100 44 30 841 10 839 10 843 10 845 10 849 10 847 10
143 995 true - Ifaba's General Store - 1925 30 1931 30 2347 10 1935 10 954 10 590 10
144 995 true - Daga's Scimitar Smithy - 1321 10 4587 10 1323 10 1329 10 1325 10
145 995 true - Tutab's Magical Market - 556 1000 557 1000 4008 10 554 1000 563 100 4006 10 4023 10 555 1000
146 995 true - Hamab's Crafting Emporium - 1759 100 11065 10 1755 10 4020 10 1597 10 1733 10 1592 10 1734 1000
147 995 true - Solihib's Food Shop - 1963 10 4016 10 4014 100 4012 100
148 995 true - Pickaxe-Is-Mine - 1265 10 1269 10 1273 10 1271 10 1275 10
149 995 true - Keldagrim's Best Bread - 2309 10 1891 10 1901 10
150 995 true - Silver Cog Silver Stall - 2355 10 442 10 1714 10
151 995 true - Green Gemstone Gems - 1607 0 1605 0 1603 0 1601 0
152 995 true - Carefree Crafting Stall - 1759 10 1755 10 1597 10 1733 10 1592 10 1734 1000
153 995 true - Vermundi's Clothing Stall - 5030 10 5042 10 950 10 5048 10 5036 10 5024 10
155 995 true - Vigr's Warhammers - 1337 10 1335 10 1339 10 1341 10 1343 10 1345 10
156 995 true - Quality Armour Shop - 1107 10 1105 10 1109 10 1195 10 1177 10 1141 10 1143 10 1145 10
157 995 true - Quality Weapons Shop - 888 100 890 100 1295 10 1365 10 1325 10 1297 10 1369 10 1285 10 1287 10 1303 10 851 10 853 10
158 995 true - Keldagrim Stonemason - 8784 30 3420 500 8788 30 8786 30
159 995 true - Gunslik's Assorted Supplies - 1925 30 36 10 973 10 1755 10 2347 10 1935 10 1059 10 233 10 954 10 590 10 596 10 229 300
160 995 true - Agmundi Quality Clothes - 5034 10 5032 10 5046 10 5044 10 5052 10 5050 10 5040 10 5038 10 5028 10 5026 10
161 995 true - Lumbridge General Store - 1931 30 1935 10 1735 10 1925 30 1923 10 1887 10 590 10 1755 10 2347 10 550 10 9003 10
162 995 true - Bob's Brilliant Axes - 1265 10 1351 10 1349 10 1353 10 1363 10 1365 10 1369 10
163 995 true - Culinaromancer's Chest - 1973 300 1985 10 1982 10 1955 50 1987 5 1933 100 2283 1 1944 10 1927 10 2130 10 6697 10 2007 10 2313 10 1887 10 1923 10 1935 10 1931 10 1980 10 1925 10
164 995 false - Culinaromancer's Chest - 7453 10 7454 10 7455 10 7456 10 7457 10 7458 10 7459 10 7460 10 7461 10 7462 10 7433 10 7435 10 7437 10 7439 10 7441 10 7443 10 7445 10 7447 10 7449 10 7451 10
165 995 false - RSMV Special Attack Weapons - 11694 100 11696 100 11698 100 11700 100 1215 100 4587 100 1305 100 1434 100 1377 100 3204 100 1249 100 7158 100 14484 100 6739 100 4151 100 4153 100 19784 100 11730 100 13902 100 13899 100 6746 100 10887 100 11235 100 861 100 10284 100 13879 100 13883 100 14684 100 15241 100 19146 100 19149 100 15486 100 24457 100 24459 100 24460 100
166 29980 false - Master RSMVer Store - 29996 10 29997 10 29993 10 29995 10 29994 10 29984 10 29985 10 29986 10 29987 10 29988 10 29989 10 29992 10 
167 995 false - Wilfred's Woodcutting Shop - 1351 10 1349 10 1353 10 1357 10 1359 10 6739 10 
168 995 false - Cadmus Crafting Shop - 1755 10 1592 10 1597 10 1595 10 1733 10 1734 1000 1599 10 2976 10 5523 10 9434 10 11065 10
169 995 false - Monlum Mining Shop - 1265 10 1267 10 1269 10 1271 10 1275 10 15259 10
170 995 false - Sani Smithing Shop - 2347 10 2949 10
